<?xml version="1.0"?>
<opencv_storage>
<calibration_time>"Tue May 23 09:16:16 2017"</calibration_time>
<x3>
  4.8477378994866022e+01 -9.7258130637607920e+01</x3>
<e0>
  -9.9967594475256372e-01 2.5455951820138566e-02</e0>
<e1>
  -6.1506808805576914e-02 9.9810666387443481e-01</e1>
</opencv_storage>
