<?xml version="1.0"?>
<opencv_storage>
<calibration_time>"Wed May 17 11:16:29 2017"</calibration_time>
<x3>
  4.8610867984253623e+01 -1.3498434623227617e+01</x3>
<e0>
  -9.9975544261480198e-01 2.2114587088191234e-02</e0>
<e1>
  -2.8550136436261947e-02 9.9959236177027222e-01</e1>
</opencv_storage>
